1000
46675 40604
95711 49370
25140 76805
60012 40610
31614 56881
50925 44485
47175 43587
63060 29117
61010 88932
70365 84445
20001 26058
50394 81703
40616 89895
18867 21111
51417 55195
63251 14443
95798 75313
80164 37289
68470 40175
94251 16435
13407 45175
77272 60581
88762 40331
6050 66123
29262 76414
50567 65615
18823 960
47317 75790
7206 82535
13253 74974
54082 92855
5769 66231
68168 85932
3520 36637
26107 14122
69423 55865
59296 46694
32798 64409
87024 38847
46884 16286
31612 97450
98252 66787
14762 61920
42576 38319
60806 72180
13293 14887
65035 19061
81118 33202
21344 989
86190 63802
15110 55612
19667 90757
2306 52464
71518 5681
7662 18401
38318 39273
15850 36569
22411 46963
98488 81339
85282 59294
53518 14926
90532 18552
50338 71649
68105 71681
88989 54294
35483 20450
26258 71501
11207 44915
23964 82724
50595 47977
17476 88913
3601 33325
41833 26012
96640 40321
7350 81921
15966 60867
96846 6497
95771 47183
94498 63875
35215 83486
34521 70697
3936 60778
42197 31494
22044 82512
30569 88990
46840 48044
94254 50441
97720 36087
76452 94359
92759 153
92631 8724
77371 89476
31572 89493
53010 26069
53368 88225
25907 4240
75273 46194
65017 33822
77687 3412
32685 24607
92401 79525
89002 86655
29965 86721
39093 22768
97432 31851
39272 90062
56926 32994
95890 88497
22487 48899
30918 75854
53475 56824
80093 28748
3017 61461
62569 97055
81224 95253
21661 73624
74777 10662
76630 21093
13734 15722
43860 11165
63924 99483
1227 37201
32477 97116
42050 54963
62366 72967
47168 15841
29790 43612
44588 32806
21424 7156
29860 2647
18760 67872
92622 9889
78533 69252
30981 92266
1325 91193
3431 81601
90675 21009
18801 39503
34476 77202
94465 96841
50168 57984
12681 79957
1595 57268
29114 39370
80775 75325
42016 15887
43196 34638
25775 38080
20241 56755
46698 37917
64299 50128
19517 71326
87488 54670
10828 21963
31871 21645
18803 98391
79628 47836
94699 97575
21455 40165
36944 2230
15489 95312
34468 75037
29949 60242
13116 66541
33348 76165
4457 97647
26292 40326
85324 30131
11347 96151
52093 59569
34147 87248
57959 30127
35083 52658
44053 72889
9174 80996
75118 24662
92659 25937
16050 38959
86178 45518
5499 19526
21682 26308
33524 64326
66633 18847
94456 77979
31349 62901
37547 65496
66500 11858
95622 17934
80867 39674
90822 90040
37021 82292
31053 29680
8228 63455
84990 94406
8972 90489
30283 47005
16796 80158
11330 99780
15356 22138
94110 46704
85038 48008
28551 67889
59865 40524
85822 57083
96549 76643
47122 49922
58934 94527
95953 67162
57981 80942
77919 66952
87782 24553
13956 4577
4710 41638
20708 20065
63775 14817
83120 65164
62825 11671
33052 39041
68546 35225
96124 65095
28219 59597
31368 87153
54123 27320
70666 12103
8261 64936
95406 96043
89488 25714
16971 94197
67351 37679
30613 47477
68847 13732
28992 31671
41754 78395
70712 10300
13619 66835
91746 41837
26431 23113
45341 96906
50432 32358
9008 75044
97293 20766
71086 86780
46479 4409
80976 30181
58439 11588
94009 27285
41672 23000
58956 83425
1394 46019
93724 31364
29205 85469
89552 71987
8581 34893
68892 75364
67250 94252
50408 80895
31369 37845
67674 77847
58605 65002
24379 17043
92941 18387
44328 34612
57738 19635
18037 75483
82005 28112
23198 11209
29933 12749
99547 54865
63993 68439
46581 47595
79042 96988
28489 10410
51184 96162
4608 9789
61163 45338
26831 70456
63724 87510
5067 37813
23496 39455
13295 5500
83919 36492
33060 13851
65592 32607
85067 29585
17397 31647
77179 12790
28634 22019
39551 96170
18180 44158
5958 95695
89495 49140
66150 69570
53002 87568
23734 76497
27023 37028
98349 27293
89871 31408
41143 55462
80366 42561
85046 97762
74208 78576
26903 19193
594 66453
15362 35126
26962 37671
47172 16456
86811 29673
2377 39812
17240 26110
32660 60614
79489 31008
87906 69359
62416 45400
41173 59133
87961 42570
56895 78520
21146 149
14064 38091
66602 29426
89568 93563
83448 53091
26371 70258
82763 45099
26421 16355
71209 59081
76968 67049
6440 81226
52760 68855
42977 93932
44340 47289
36501 17586
25808 73998
17734 39872
28441 84335
85649 18008
94250 69096
87451 20620
55706 70213
82070 98478
2919 69630
57558 96239
36679 80350
77464 89438
65556 20440
83369 9895
84081 36221
27480 9888
10219 45214
66111 38659
45900 51759
73018 40149
37207 60468
77120 92912
47033 75542
91389 49951
45171 65299
46189 81849
45648 40004
71286 11203
76796 71006
21098 60876
7227 64929
70763 17445
10142 53226
72455 56042
4984 61824
12542 42190
38644 6014
51453 85676
81555 59194
51978 26725
24492 98167
24926 86491
38170 12563
14045 31317
83569 51494
92192 90795
16423 79307
24591 26564
32532 13397
98957 37515
75220 27851
96057 13863
50216 63861
99538 48122
23054 51516
74846 63897
66034 16123
50387 20555
28686 64432
51872 12254
32277 44063
19400 48699
23369 43990
91615 55900
57386 90571
9767 48957
34773 22175
62820 84988
86035 78709
49461 9089
30224 40659
72985 12609
56781 39724
33164 85466
20507 1387
14071 52783
45449 33470
1482 85170
93811 93096
57421 67548
18 83539
16505 51143
5713 79324
52482 91748
58032 1943
17188 4608
42601 90172
33568 15733
46247 66731
1199 66753
68117 15269
19536 29918
65091 37369
31439 58901
46816 88859
26449 63185
72398 59305
14327 94462
38628 83161
2561 13011
1455 19748
33970 44055
9920 67538
76139 56166
50620 77337
39271 35089
8958 58806
81358 90400
12526 12796
49300 59341
18006 92100
38877 6755
67756 53204
1217 22735
52716 3777
35746 54170
23525 86067
14576 49796
53604 90714
22313 20576
84403 77935
55664 93360
53092 53373
83759 65617
66168 49410
41309 84173
57862 80186
7280 25617
49741 8496
48352 2456
28624 449
56625 68500
86515 87552
34647 56471
78265 73312
77046 62667
51246 49061
72378 4338
2433 72488
86306 84952
21898 27615
85476 96111
7800 92755
38079 57540
17602 86430
76347 46226
3230 49323
31077 6097
36874 82076
62567 15138
55387 55964
94157 22984
21376 66534
43673 23808
39022 29979
25111 77271
73945 10586
89733 81744
3341 27811
55635 20942
30593 31981
83519 33822
97655 30948
39918 34528
13023 18836
66017 68409
91151 60173
7744 12526
43059 51417
52685 98432
97747 77795
75702 71691
88381 81786
69786 8073
9596 25420
29014 56540
73752 28885
90362 71406
59832 46631
22285 72854
81819 88301
57614 72969
64826 81709
85495 7884
33125 54531
6315 30871
32326 98368
18913 37058
96505 88698
45130 6100
14117 74143
62640 4220
19379 69353
91977 79210
32335 14261
68415 30505
18914 42380
3474 83739
24089 5320
7974 73565
59850 14288
4436 8527
29007 39700
45584 25511
28398 90713
47962 58866
81208 26953
63086 586
12657 55062
96148 61344
85675 80914
91848 4588
23294 11673
88326 47382
16992 96299
37298 93194
26938 58085
1720 72296
97785 47304
14158 26182
54368 78471
85047 35575
5424 48132
36161 34432
19546 48660
95775 5220
29573 3975
9807 69218
15647 14484
32951 48991
10782 70249
42184 54071
28333 60255
26366 26117
23910 40523
52298 78278
18993 37345
13852 40768
1828 66364
75200 37725
15023 87326
42944 60948
91300 69102
30165 23299
83585 63116
72289 94366
33364 14472
64788 61696
74726 91153
87813 14988
48027 56462
93265 83372
93806 7116
40491 11986
89832 32042
49710 4854
19368 9006
82153 27019
78107 12318
50317 61692
75433 22605
72409 8796
53428 53549
86843 44506
44701 74655
59493 9080
47469 52757
92451 57626
76224 32941
69611 66055
64983 35673
87261 702
44678 69413
44072 39136
81730 94389
17179 73514
33345 89588
98661 3125
43136 85504
47630 4188
76510 7122
13267 23978
76230 22069
81604 52453
71362 67566
34860 52696
3238 22120
53397 64267
7884 97468
3403 5966
8208 20581
79479 57905
26520 78140
61029 86007
79995 8658
6547 72856
32131 36165
96834 8360
58234 94789
77164 45947
78706 28375
98642 98296
66846 68390
78914 74730
82209 98668
80695 90417
19249 76525
48321 62120
71016 9349
64479 51010
34358 71025
40218 66488
23541 53403
91199 98126
48191 84714
44072 43248
13089 42713
41543 79934
27454 20457
71015 9663
19124 68061
16431 54724
44586 81103
33196 31953
90451 14026
99315 41160
85050 39532
23999 24942
92934 15197
23068 57476
16262 67139
723 45702
26204 58618
41988 53657
95426 13002
79671 30901
81063 96101
85625 42000
77203 35172
73952 84005
49197 89618
25164 50598
29149 65514
75539 38434
97062 98606
95909 13324
82097 12984
59025 24652
87953 1012
94660 83378
30366 74331
14278 27780
86783 16254
69779 63986
67777 60082
64342 16973
49700 5858
83922 95200
71371 75813
33634 68433
90770 45894
81756 72866
75229 57132
97517 63181
58144 8529
62910 4861
82859 77188
32640 69641
9793 2418
49978 77570
78851 14320
10894 44902
20177 94816
56454 7899
70628 90087
76331 61397
52332 74438
50615 43913
47922 64483
7093 22417
73011 70003
27277 72221
63542 59916
41862 89686
62333 8191
83607 57535
22510 94501
2437 59038
5668 58890
83289 92647
65328 59619
70395 34011
50409 21009
77923 98330
1844 1368
20746 74854
87722 48022
63427 51263
7937 5288
57300 86621
13478 40907
60507 52340
51759 62943
27729 57426
38184 11017
50072 19863
86988 36818
53874 37396
57827 48148
52077 76022
49515 89174
67227 37236
53547 30653
4850 77835
52292 62150
80807 65770
19408 41313
34461 71166
20608 62189
44943 58791
73206 95014
78654 60193
48183 48879
13940 6009
97026 82368
98382 62893
87893 65609
128 41439
96261 21330
35625 48553
83479 16431
30674 19238
57743 81486
90403 78350
43674 35345
53493 33231
46710 32146
9775 94892
97376 23714
17253 94401
22433 15634
57293 10325
97594 73773
51763 10207
95102 3739
75111 94932
20169 22136
14169 77912
3621 20923
72613 47294
56267 26105
80525 19328
74602 6651
30571 71977
30365 47823
82730 69149
79809 56374
79474 93754
30146 47588
3960 25247
51327 95422
36530 71495
17557 50698
65758 21177
71620 54723
84823 44238
97179 81699
79917 71781
88349 10488
60109 18713
74662 42838
4214 70822
99212 83687
64576 29357
47626 84887
70956 98952
80309 7485
86799 97865
74535 68908
35394 62506
23630 20216
6744 20809
1914 86660
8941 90262
13499 69049
25327 88161
28239 29540
75334 27450
13226 56261
73158 60851
41148 60465
76155 37808
67950 62953
52024 58836
48212 87417
21341 71842
7632 28084
9002 9545
31096 34294
99807 60946
3342 25133
65458 31580
54672 40792
75381 84249
97052 48539
61451 54551
25355 37605
92358 93304
557 44382
68491 48769
31798 89832
36962 55782
34267 62315
65326 81714
12960 81484
42660 32653
6616 8117
80585 77639
65260 55965
78239 78664
20855 39690
33214 46210
77294 41924
55865 94203
86305 24356
59323 34454
30539 12636
90235 64805
91302 71913
46519 4261
53396 5530
36913 76364
13646 17497
70354 95258
89814 48593
73921 10668
88282 23486
73229 81927
65409 45446
76129 68065
86153 35451
18871 16691
48086 25457
81495 39387
97369 44365
59999 67117
49894 96912
59832 79892
30760 30185
75149 20573
78777 65421
47593 83410
5258 20821
65337 70667
82618 57817
55083 68770
93268 90305
85460 57705
15762 66955
13444 29482
27671 73442
96598 77565
86705 56429
57456 17465
2966 48956
38037 98094
14376 85629
81504 19633
22802 63192
6651 5419
21008 78086
74189 30627
68390 76000
88332 503
59306 18127
46337 86977
7920 59286
64541 94625
15715 38348
12089 35032
87303 66477
33125 18030
68458 30980
54014 7611
94171 77017
29381 31531
55102 19921
62157 39843
95921 66840
56698 55226
84966 3034
58554 9238
62319 23094
3862 94385
61441 32302
29416 65095
15130 62541
83124 83587
9872 37138
7549 4043
14154 36930
35573 85607
56850 14081
25449 69122
80921 82146
40700 82238
1531 99253
91475 63850
38699 11688
58234 139
43989 4002
81586 75471
82894 64709
75409 92765
18198 82958
96807 32351
36239 48731
34309 93088
62812 59758
78562 60084
58255 19261
42321 76138
18513 50148
39987 57211
61835 14572
73702 22176
18573 55287
97646 1466
36347 73054
10583 54545
72363 23741
3247 8601
72472 37556
18041 51635
13665 96602
11718 88271
15862 54038
64408 50726
4185 20746
7937 82372
35318 81638
4547 70242
53276 18544
88060 5974
7949 98642
60518 80312
22382 80117
5264 11205
34024 39656
62839 47688
36257 74556
52310 68470
44946 33070
19196 65482
53815 27132
47853 5484
25121 68751
75726 94748
87294 63785
721 11595
78778 77591
8258 1159
57707 13521
12364 91730
53177 91554
55769 5785
66110 8078
74255 27407
959265 500